<?xml version='1.0' encoding='utf-8'?>
<!-- FreeCAD DocumentObject -->
<Document SchemaVersion="4" FileVersion="2">
<Object name="Solid064">
  <Properties Count="11" TransientCount="1">
    <_Property name="_ElementMapVersion" type="App::PropertyString" status="234881024"/>
    <Property name="ColoredElements" type="App::PropertyLinkSubHidden" status="218103808">
      <LinkSub value="" count="0">
      </LinkSub>
    </Property>
    <Property name="ExpressionEngine" type="App::PropertyExpressionEngine" status="67108864">
      <ExpressionEngine count="0"></ExpressionEngine>
    </Property>
    <Property name="FixShape" type="App::PropertyEnumeration">
      <Integer value="0"/>
    </Property>
    <Property name="InvalidShape" type="App::PropertyBool" status="67108864">
      <Bool value="false"/>
    </Property>
    <Property name="Label" type="App::PropertyString" status="134217728">
      <String value="J5-2"/>
    </Property>
    <Property name="Label2" type="App::PropertyString" status="128">
      <String value=""/>
    </Property>
    <Property name="Placement" type="App::PropertyPlacement" status="8388608">
      <PropertyPlacement Px="0" Py="0" Pz="0" Q0="0" Q1="0" Q2="0" Q3="1" A="0" Ox="0" Oy="0" Oz="1"/>
    </Property>
    <Property name="Shape" type="Part::PropertyPartShape">
      <Part ElementMap="0.15.70200.4" brep="1">
<![CDATA[

CASCADE Topology V1, (c) Matra-Datavision
Locations 1
1
              1               0               0               0 
              0               1               0               0 
              0               0               1               0 
Curve2ds 8
1 7.8539816339749997 0.64000000000000001 -1 0 
1 7.8539816339749997 0.64000000000000001 -1 0 
1 6.2831853071800001 0 -0 1 
1 6.2831853071800001 0 -0 1 
1 7.8539816339749997 0 -1 0 
1 7.8539816339749997 0 -1 0 
1 4.7123889803849996 0 -0 1 
1 4.7123889803849996 0 -0 1 
Curves 100
1 0.12 0.32000000000000001 0.20000000000000001 -1 0 0 
1 -0.32000000000000001 0.32000000000000001 0 0 0 1 
1 0.22500000000000001 0.32000000000000001 3.6000000000000001 1 0 0 
1 0.32000000000000001 0.32000000000000001 6.6600000000000001 0 0 -1 
1 0.22 0.22 0.10000000000000001 0.57735026918962573 0.57735026918962573 0.57735026918962573 
1 0.12 0.12 4.0000000000000003e-17 -1 0 0 
1 -0.17999999999999999 0.17999999999999999 0.059999999999999998 -0.57735026918962573 0.57735026918962573 0.57735026918962573 
1 0.32000000000000001 0.47499999999999998 3.6000000000000001 0 -1 2.2e-16 
1 0.32000000000000001 -0.32000000000000001 6.6600000000000001 0 0 -1 
1 0.32000000000000001 0.32000000000000001 0.20000000000000001 0 -1 2.2e-16 
1 0.77000000000000002 1.27 3.6000000000000001 0 -1 2.2e-16 
1 0.77000000000000002 -1.27 3.6000000000000001 -1 0 0 
1 -0.77000000000000002 1.27 3.6000000000000001 0 -1 2.2e-16 
1 0.77000000000000002 1.27 3.6000000000000001 -1 0 0 
1 -0.32000000000000001 0.47499999999999998 3.6000000000000001 0 -1 2.2e-16 
1 0.22500000000000001 -0.32000000000000001 3.6000000000000001 1 0 0 
1 -0.32000000000000001 0.32000000000000001 0.20000000000000001 0 -1 2.2e-16 
1 -0.32000000000000001 -0.32000000000000001 0 0 0 1 
1 0.113333333333 -0.113333333333 -0.0066666666666670002 0.57735026918962573 -0.57735026918962573 0.57735026918962573 
1 0.12 0.32000000000000001 0 0 -1 2.2e-16 
1 0.12 -0.12 3.0000000000000001e-17 -1 0 0 
1 -0.12 0.32000000000000001 0 0 -1 2.2e-16 
1 -0.073333333333330003 -0.073333333333330003 -0.046666666666669999 -0.57735026918962573 -0.57735026918962573 0.57735026918962573 
1 0.12 -0.32000000000000001 0.20000000000000001 -1 0 0 
1 0.77000000000000002 1.27 2.96 0 -1 2.2e-16 
1 0.77000000000000002 -1.27 2.96 0 0 1 
1 0.77000000000000002 1.27 2.96 0 0 1 
1 -0.77000000000000002 1.27 2.96 -1 0 0 
1 -0.87 1.27 2.96 0 2.2e-16 1 
1 -1.27 1.27 5.5 1 0 0 
1 -0.77000000000000002 1.27 4.6999300699299997 0 -2.2e-16 -1 
1 -0.38500000000000001 1.27 5.1900000000000004 1 0 0 
1 0.77000000000000002 1.27 4.6999300699299997 0 -2.2e-16 -1 
1 -1.27 1.27 5.5 1 0 0 
1 0.87 1.27 5.5 0 -2.2e-16 -1 
1 1.27 1.27 2.96 -1 0 0 
1 -0.77000000000000002 1.27 3.6000000000000001 0 0 -1 
1 -1.27 -1.27 5.5 1 0 0 
1 0.87 -1.27 5.5 0 -2.2e-16 -1 
1 1.27 -1.27 2.96 -1 0 0 
1 -0.77000000000000002 -1.27 3.6000000000000001 0 0 -1 
1 -0.77000000000000002 -1.27 2.96 -1 0 0 
1 -0.87 -1.27 2.96 0 2.2e-16 1 
1 -0.77000000000000002 1.27 2.96 0 -1 2.2e-16 
1 1.27 1.27 2.96 0 -1 2.2e-16 
1 1.7050000000000001 -0.435 2.96 -0.70710678118654757 -0.70710678118654757 1.6000000000000001e-16 
1 1.0700000000000001 1.0700000000000001 2.96 0.70710678118654757 -0.70710678118654757 1.6000000000000001e-16 
1 -1.27 1.27 2.96 0 -1 2.2e-16 
1 -0.94499999999999995 1.1950000000000001 2.96 0.70710678118654757 0.70710678118654757 -1.6000000000000001e-16 
1 -1.5800000000000001 -0.56000000000000005 2.96 -0.70710678118654757 0.70710678118654757 -1.6000000000000001e-16 
1 -1.27 0.87 2.96 0 2.2e-16 1 
1 -1.0700000000000001 1.0700000000000001 5.5 0.70710678118654757 0.70710678118654757 -1.6000000000000001e-16 
1 -1.27 1.27 5.5 0 -1 2.2e-16 
1 -1.7050000000000001 -0.435 5.5 -0.70710678118654757 0.70710678118654757 -1.6000000000000001e-16 
1 1.0700000000000001 -1.0700000000000001 5.5 -0.70710678118654757 -0.70710678118654757 1.6000000000000001e-16 
1 1.27 1.27 5.5 0 -1 2.2e-16 
1 0.435 1.7050000000000001 5.5 0.70710678118654757 -0.70710678118654757 1.6000000000000001e-16 
1 0.77000000000000002 1.0700000000000001 5.5 0 1 -2.2e-16 
1 -1.02 0.87 5.5 -1 0 0 
1 -0.77000000000000002 1.0700000000000001 5.5 0 1 -2.2e-16 
1 -0.79500000000000004 -0.32000000000000001 5.5 -1 0 0 
1 -0.32000000000000001 0.47499999999999998 5.5 0 1 -2.2e-16 
1 -0.79500000000000004 0.32000000000000001 5.5 -1 0 0 
1 0.32000000000000001 0.47499999999999998 5.5 0 1 -2.2e-16 
1 -0.77000000000000002 0.87 5.1900000000000004 0 0 1 
1 -0.77000000000000002 0.87 5.1900000000000004 0 1 0 
1 -0.77000000000000002 0.87 5.1900000000000004 1 0 0 
1 0.77000000000000002 0.87 5.1900000000000004 0 1 0 
1 0.77000000000000002 0.87 5.1900000000000004 0 0 1 
1 1.27 0.87 5.5 0 -2.2e-16 -1 
1 -1.27 -0.87 2.96 0 2.2e-16 1 
1 1.27 -0.87 5.5 0 -2.2e-16 -1 
1 -0.32000000000000001 -0.32000000000000001 0 0 0 1 
2 0.95999999999999996 -0.32000000000000001 6.0199999999999996 0 1 -2.2e-16 0 -2.2e-16 -1 -1 0 -0 1.28
1 -0.32000000000000001 -0.32000000000000001 7.2999999999999998 1 0 0 
1 6.9800000000000004 -0.32000000000000001 7.0999999999999996 0 -2.2e-16 -1 
1 7.1799999999999997 -0.32000000000000001 6.6600000000000001 -1 0 0 
2 0.95999999999999996 -0.32000000000000001 6.0199999999999996 0 1 -2.2e-16 0 -2.2e-16 -1 -1 0 -0 0.64000000000000001
1 0.32000000000000001 -0.32000000000000001 6.6600000000000001 0 0 -1 
1 0.32000000000000001 0.32000000000000001 6.6600000000000001 0 0 -1 
1 0.32000000000000001 0.32000000000000001 6.0199999999999996 0 -1 2.2e-16 
1 -0.32000000000000001 0.32000000000000001 0 0 0 1 
1 -0.32000000000000001 0.32000000000000001 6.0199999999999996 0 -1 2.2e-16 
2 0.95999999999999996 0.32000000000000001 6.0199999999999996 0 1 -2.2e-16 0 -2.2e-16 -1 -1 0 -0 1.28
1 -0.32000000000000001 0.32000000000000001 7.2999999999999998 1 0 0 
1 6.9800000000000004 0.32000000000000001 7.0999999999999996 0 -2.2e-16 -1 
1 7.1799999999999997 0.32000000000000001 6.6600000000000001 -1 0 0 
2 0.95999999999999996 0.32000000000000001 6.0199999999999996 0 1 -2.2e-16 0 -2.2e-16 -1 -1 0 -0 0.64000000000000001
1 0.95999999999999996 0.32000000000000001 6.6600000000000001 0 -1 2.2e-16 
1 6.9800000000000004 0.32000000000000001 6.6600000000000001 0 -1 2.2e-16 
1 7.1866666666669996 -0.113333333333 7.0933333333329998 -0.57735026918962573 -0.57735026918962573 0.57735026918962573 
1 7.1799999999999997 -0.12 7.0999999999999996 0 -2.2e-16 -1 
1 7.2266666666669996 -0.073333333333330003 6.9066666666670002 -0.57735026918962573 -0.57735026918962573 -0.57735026918962573 
1 0.95999999999999996 0.32000000000000001 7.2999999999999998 0 -1 2.2e-16 
1 6.9800000000000004 0.32000000000000001 7.2999999999999998 0 -1 2.2e-16 
1 7.0800000000000001 0.22 7.2000000000000002 -0.57735026918962573 0.57735026918962573 0.57735026918962573 
1 7.1799999999999997 0.12 7.0999999999999996 0 -2.2e-16 -1 
1 7.1200000000000001 0.17999999999999999 6.7999999999999998 -0.57735026918962573 0.57735026918962573 -0.57735026918962573 
1 7.1799999999999997 0.32000000000000001 6.8600000000000003 0 -1 2.2e-16 
1 7.1799999999999997 0.32000000000000001 7.0999999999999996 0 -1 2.2e-16 
Polygon3D 0
PolygonOnTriangulations 0
Surfaces 40
1 1.8865000000000001 0.32000000000000001 5.1935000000000002 0 1 -2.2e-16 0 2.2e-16 1 1 -0 0 
1 0.12 0.22 0.10000000000000001 0 0.70710678118654757 -0.70710678118654757 -1 0 0 0 0.70710678118654757 0.70710678118654757 
1 -0.32000000000000001 0.32000000000000001 0 -1 0 0 0 2.2e-16 1 0 1 -2.2e-16 
1 0.77000000000000002 1.27 3.6000000000000001 -0 -2.2e-16 -1 -1 0 0 0 1 -2.2e-16 
1 0.32000000000000001 0.32000000000000001 6.6600000000000001 1 0 0 0 -2.2e-16 -1 0 1 -2.2e-16 
1 0.22 0.32000000000000001 0.10000000000000001 0.70710678118654757 -1.6000000000000001e-16 -0.70710678118654757 3.1370849898476256e-18 1 -2.2313708498984755e-16 0.70710678118654757 1.5556349186104044e-16 0.70710678118654757 
1 0.32000000000000001 0.32000000000000001 0 -0 -2.2e-16 -1 -1 0 0 0 1 -2.2e-16 
1 -0.22 0.32000000000000001 0.10000000000000001 -0.70710678118654757 -1.5e-16 -0.70710678118654757 3.9339828220178842e-18 1 -2.160660171779821e-16 0.70710678118654757 -1.5556349186104046e-16 -0.70710678118654757 
1 1.8865000000000001 -0.32000000000000001 5.1935000000000002 0 1 -2.2e-16 0 2.2e-16 1 1 -0 0 
1 0.77000000000000002 1.27 2.96 -1 0 0 0 2.2e-16 1 0 1 -2.2e-16 
1 0 -1.27 4.20986013986 0 1 -2.2e-16 0 2.2e-16 1 1 -0 0 
1 -0.77000000000000002 1.27 3.6000000000000001 1 0 0 0 -2.2e-16 -1 0 1 -2.2e-16 
1 0 1.27 4.20986013986 0 1 -2.2e-16 0 2.2e-16 1 1 -0 0 
1 0.12 -0.22 0.10000000000000001 0 0.70710678118654757 0.70710678118654757 -1 0 0 0 -0.70710678118654757 0.70710678118654757 
1 1.27 1.27 2.96 -0 -2.2e-16 -1 -1 0 0 0 1 -2.2e-16 
1 -0.77000000000000002 1.27 2.96 -0 -2.2e-16 -1 -1 0 0 0 1 -2.2e-16 
1 -1.0700000000000001 1.0700000000000001 2.96 -0.70710678118654757 0.70710678118654757 -1.6000000000000001e-16 -3.1370849898476256e-18 2.2313708498984755e-16 1 0.70710678118654757 0.70710678118654757 -1.5556349186104044e-16 
1 -1.27 1.27 5.5 0 2.2e-16 1 1 0 -0 -0 1 -2.2e-16 
1 -0.77000000000000002 0.87 5.1900000000000004 1 0 0 0 0 1 0 -1 0 
1 -0.77000000000000002 0.87 5.1900000000000004 0 0 1 1 0 -0 -0 1 0 
1 0.77000000000000002 0.87 5.1900000000000004 1 0 0 0 0 1 0 -1 0 
1 1.0700000000000001 1.0700000000000001 5.5 0.70710678118654757 0.70710678118654757 -1.6000000000000001e-16 3.1370849898476256e-18 2.2313708498984755e-16 1 0.70710678118654757 -0.70710678118654757 1.5556349186104044e-16 
1 1.0700000000000001 -1.0700000000000001 5.5 -0.70710678118654757 0.70710678118654757 -1.6000000000000001e-16 3.1370849898476256e-18 -2.2313708498984755e-16 -1 -0.70710678118654757 -0.70710678118654757 1.5556349186104044e-16 
1 -1.0700000000000001 -1.0700000000000001 2.96 0.70710678118654757 0.70710678118654757 -1.6000000000000001e-16 -3.1370849898476256e-18 -2.2313708498984755e-16 -1 -0.70710678118654757 0.70710678118654757 -1.5556349186104044e-16 
1 1.27 1.27 5.5 1 0 0 0 -2.2e-16 -1 0 1 -2.2e-16 
1 -1.27 1.27 2.96 -1 0 0 0 2.2e-16 1 0 1 -2.2e-16 
1 -0.77000000000000002 0.87 5.1900000000000004 0 1 0 0 -0 1 1 0 -0 
1 1.8865000000000001 -0.32000000000000001 5.1935000000000002 0 1 -2.2e-16 0 2.2e-16 1 1 -0 0 
1 -0.32000000000000001 0.32000000000000001 0 -1 0 0 0 2.2e-16 1 0 1 -2.2e-16 
1 1.8865000000000001 0.32000000000000001 5.1935000000000002 0 1 -2.2e-16 0 2.2e-16 1 1 -0 0 
1 0.32000000000000001 0.32000000000000001 6.6600000000000001 1 0 0 0 -2.2e-16 -1 0 1 -2.2e-16 
2 0.95999999999999996 0.32000000000000001 6.0199999999999996 0 -1 2.2e-16 -1 0 0 -0 -2.2e-16 -1 1.28
1 -0.32000000000000001 0.32000000000000001 7.2999999999999998 0 2.2e-16 1 1 0 -0 -0 1 -2.2e-16 
1 7.0800000000000001 -0.22 7.0999999999999996 -0.70710678118654757 0.70710678118654757 -1.5e-16 -3.9339828220178842e-18 -2.160660171779821e-16 -1 -0.70710678118654757 -0.70710678118654757 1.5556349186104046e-16 
1 7.1799999999999997 0.32000000000000001 6.6600000000000001 -0 -2.2e-16 -1 -1 0 0 0 1 -2.2e-16 
2 0.95999999999999996 0.32000000000000001 6.0199999999999996 0 -1 2.2e-16 -1 0 0 -0 -2.2e-16 -1 0.64000000000000001
1 7.0800000000000001 0.22 7.0999999999999996 0.70710678118654757 0.70710678118654757 -1.6000000000000001e-16 -3.1370849898476256e-18 -2.2313708498984755e-16 -1 -0.70710678118654757 0.70710678118654757 -1.5556349186104044e-16 
1 7.0800000000000001 0.32000000000000001 6.7599999999999998 0.70710678118654757 -1.9000000000000001e-16 -0.70710678118654757 -2.4350288425444043e-17 -1 2.44350288425444e-16 -0.70710678118654757 -1.5556349186104044e-16 -0.70710678118654757 
1 7.0800000000000001 0.32000000000000001 7.2000000000000002 0.70710678118654757 1.9000000000000001e-16 0.70710678118654757 2.4350288425444043e-17 -1 2.44350288425444e-16 0.70710678118654757 -1.5556349186104044e-16 -0.70710678118654757 
1 7.1799999999999997 0.32000000000000001 7.2999999999999998 1 0 0 0 -2.2e-16 -1 0 1 -2.2e-16 
Triangulations 0

TShapes 248
Ve
1e-07
0.32 0.32 0.2
0 0

0101101
*
Ve
1e-07
-0.32 0.32 0.2
0 0

0101101
*
Ed
 1e-07 1 1 0
1  1 0 -0.2 0.44
4 C0 1 0 2 0
0

0101000
+248 0 -247 0 *
Ve
1e-07
-0.32 0.32 3.6
0 0

0101101
*
Ed
 1e-07 1 1 0
1  2 0 0.2 3.6
4 C0 1 0 3 0
0

0101000
+247 0 -245 0 *
Ve
1e-07
0.32 0.32 3.6
0 0

0101101
*
Ed
 1e-07 1 1 0
1  3 0 -0.545 0.095
4 C0 1 0 4 0
0

0101000
+245 0 -243 0 *
Ed
 1e-07 1 1 0
1  4 0 3.06 6.46
4 C0 1 0 5 0
0

0101000
+243 0 -248 0 *
Wi

0101100
+246 0 +244 0 +242 0 +241 0 *
Fa
0  1e-07 1 0

0111000
+240 0 *
Ve
1e-07
0.12 0.12 0
0 0

0101101
*
Ed
 1e-07 1 1 0
1  5 0 -0.173205080756888 0.173205080756888
4 C0 2 0 6 0
0

0101000
+238 0 -248 0 *
Ve
1e-07
-0.12 0.12 0
0 0

0101101
*
Ed
 1e-07 1 1 0
1  6 0 0 0.24
4 C0 2 0 7 0
0

0101000
+238 0 -236 0 *
Ed
 1e-07 1 1 0
1  7 0 -0.103923048454133 0.242487113059643
4 C0 2 0 8 0
0

0101000
+236 0 -247 0 *
Wi

0101100
-237 0 +235 0 +234 0 -246 0 *
Fa
0  1e-07 2 0

0111000
+233 0 *
Ve
1e-07
0.32 -0.32 3.6
0 0

0101101
*
Ed
 1e-07 1 1 0
1  8 0 0.155 0.795
4 C0 5 0 4 0
0

0101000
+243 0 -231 0 *
Ve
1e-07
0.32 -0.32 0.2
0 0

0101101
*
Ed
 1e-07 1 1 0
1  9 0 3.06 6.46
4 C0 5 0 9 0
0

0101000
+231 0 -229 0 *
Ed
 1e-07 1 1 0
1  10 0 0 0.64
4 C0 5 0 6 0
0

0101000
+248 0 -229 0 *
Wi

0101100
-241 0 +230 0 +228 0 -227 0 *
Fa
0  1e-07 5 0

0111000
+226 0 *
Ve
1e-07
0.77 1.27 3.6
0 0

0101101
*
Ve
1e-07
0.77 -1.27 3.6
0 0

0101101
*
Ed
 1e-07 1 1 0
1  11 0 0 2.54
4 C0 4 0 10 0
0

0101000
+224 0 -223 0 *
Ve
1e-07
-0.77 -1.27 3.6
0 0

0101101
*
Ed
 1e-07 1 1 0
1  12 0 0 1.54
4 C0 4 0 11 0
0

0101000
+223 0 -221 0 *
Ve
1e-07
-0.77 1.27 3.6
0 0

0101101
*
Ed
 1e-07 1 1 0
1  13 0 0 2.54
4 C0 4 0 12 0
0

0101000
+219 0 -221 0 *
Ed
 1e-07 1 1 0
1  14 0 0 1.54
4 C0 4 0 13 0
0

0101000
+224 0 -219 0 *
Wi

0101100
+222 0 +220 0 -218 0 -217 0 *
Ve
1e-07
-0.32 -0.32 3.6
0 0

0101101
*
Ed
 1e-07 1 1 0
1  15 0 0.155 0.795
4 C0 4 0 3 0
0

0101000
+245 0 -215 0 *
Ed
 1e-07 1 1 0
1  16 0 -0.545 0.095
4 C0 4 0 9 0
0

0101000
+215 0 -231 0 *
Wi

0101100
-242 0 +214 0 +213 0 -230 0 *
Fa
0  1e-07 4 0

0111000
+216 0 +212 0 *
Ve
1e-07
-0.32 -0.32 0.2
0 0

0101101
*
Ed
 1e-07 1 1 0
1  17 0 0 0.64
4 C0 3 0 8 0
0

0101000
+247 0 -210 0 *
Ed
 1e-07 1 1 0
1  18 0 0.2 3.6
4 C0 3 0 9 0
0

0101000
+210 0 -215 0 *
Wi

0101100
-244 0 +209 0 +208 0 -214 0 *
Fa
0  1e-07 3 0

0111000
+207 0 *
Ve
1e-07
0.12 -0.12 0
0 0

0101101
*
Ed
 1e-07 1 1 0
1  19 0 0.011547005384178 0.357957166897953
4 C0 6 0 14 0
0

0101000
+205 0 -229 0 *
Ed
 1e-07 1 1 0
1  20 0 0.2 0.44
4 C0 6 0 7 0
0

0101000
+238 0 -205 0 *
Wi

0101100
+237 0 +227 0 -204 0 -203 0 *
Fa
0  1e-07 6 0

0111000
+202 0 *
Ve
1e-07
-0.12 -0.12 0
0 0

0101101
*
Ed
 1e-07 1 1 0
1  21 0 0 0.24
4 C0 7 0 14 0
0

0101000
+205 0 -200 0 *
Ed
 1e-07 1 1 0
1  22 0 0.2 0.44
4 C0 7 0 8 0
0

0101000
+236 0 -200 0 *
Wi

0101100
+203 0 +199 0 -198 0 -235 0 *
Fa
0  1e-07 7 0

0111000
+197 0 *
Ed
 1e-07 1 1 0
1  23 0 0.080829037686553 0.427239199200329
4 C0 8 0 14 0
0

0101000
+200 0 -210 0 *
Wi

0101100
-198 0 +234 0 +209 0 -195 0 *
Fa
0  1e-07 8 0

0111000
-194 0 *
Ed
 1e-07 1 1 0
1  24 0 -0.2 0.44
4 C0 9 0 14 0
0

0101000
+229 0 -210 0 *
Wi

0101100
+192 0 +208 0 +213 0 +228 0 *
Fa
0  1e-07 9 0

0111000
+191 0 *
Ve
1e-07
0.77 1.27 2.96
0 0

0101101
*
Ve
1e-07
0.77 -1.27 2.96
0 0

0101101
*
Ed
 1e-07 1 1 0
1  25 0 0 2.54
4 C0 10 0 15 0
0

0101000
+189 0 -188 0 *
Ed
 1e-07 1 1 0
1  26 0 0 0.64
4 C0 10 0 11 0
0

0101000
+188 0 -223 0 *
Ed
 1e-07 1 1 0
1  27 0 0 0.64
4 C0 10 0 13 0
0

0101000
+189 0 -224 0 *
Wi

0101100
+187 0 +186 0 -222 0 -185 0 *
Fa
0  1e-07 10 0

0111000
+184 0 *
Ve
1e-07
-0.77 1.27 2.96
0 0

0101101
*
Ve
1e-07
-0.87 1.27 2.96
0 0

0101101
*
Ed
 1e-07 1 1 0
1  28 0 0 0.1
4 C0 13 0 16 0
0

0101000
+182 0 -181 0 *
Ve
1e-07
-0.87 1.27 5.5
0 0

0101101
*
Ed
 1e-07 1 1 0
1  29 0 0 2.54
4 C0 13 0 17 0
0

0101000
+181 0 -179 0 *
Ve
1e-07
-0.77 1.27 5.5
0 0

0101101
*
Ed
 1e-07 1 1 0
1  30 0 0.4 0.5
4 C0 13 0 18 0
0

0101000
+179 0 -177 0 *
Ve
1e-07
-0.77 1.27 5.19
0 0

0101101
*
Ed
 1e-07 1 1 0
1  31 0 -0.80006993007 -0.490069930070001
4 C0 13 0 19 0
0

0101000
+177 0 -175 0 *
Ve
1e-07
0.77 1.27 5.19
0 0

0101101
*
Ed
 1e-07 1 1 0
1  32 0 -0.385 1.155
4 C0 13 0 20 0
0

0101000
+175 0 -173 0 *
Ve
1e-07
0.77 1.27 5.5
0 0

0101101
*
Ed
 1e-07 1 1 0
1  33 0 -0.80006993007 -0.490069930070001
4 C0 13 0 21 0
0

0101000
+171 0 -173 0 *
Ve
1e-07
0.87 1.27 5.5
0 0

0101101
*
Ed
 1e-07 1 1 0
1  34 0 2.04 2.14
4 C0 13 0 18 0
0

0101000
+171 0 -169 0 *
Ve
1e-07
0.87 1.27 2.96
0 0

0101101
*
Ed
 1e-07 1 1 0
1  35 0 0 2.54
4 C0 13 0 22 0
0

0101000
+169 0 -167 0 *
Ed
 1e-07 1 1 0
1  36 0 0.4 0.5
4 C0 13 0 15 0
0

0101000
+167 0 -189 0 *
Ed
 1e-07 1 1 0
1  37 0 0 0.64
4 C0 13 0 12 0
0

0101000
+219 0 -182 0 *
Wi

0101100
+180 0 +178 0 +176 0 +174 0 +172 0 -170 0 +168 0 +166 0 +165 0 +185 0 
+217 0 +164 0 *
Fa
0  1e-07 13 0

0111000
+163 0 *
Ve
1e-07
-0.87 -1.27 5.5
0 0

0101101
*
Ve
1e-07
0.87 -1.27 5.5
0 0

0101101
*
Ed
 1e-07 1 1 0
1  38 0 0.4 2.14
4 C0 11 0 18 0
0

0101000
+161 0 -160 0 *
Ve
1e-07
0.87 -1.27 2.96
0 0

0101101
*
Ed
 1e-07 1 1 0
1  39 0 0 2.54
4 C0 11 0 23 0
0

0101000
+160 0 -158 0 *
Ed
 1e-07 1 1 0
1  40 0 0.4 0.5
4 C0 11 0 15 0
0

0101000
+158 0 -188 0 *
Ve
1e-07
-0.77 -1.27 2.96
0 0

0101101
*
Ed
 1e-07 1 1 0
1  41 0 0 0.64
4 C0 11 0 12 0
0

0101000
+221 0 -155 0 *
Ve
1e-07
-0.87 -1.27 2.96
0 0

0101101
*
Ed
 1e-07 1 1 0
1  42 0 0 0.1
4 C0 11 0 16 0
0

0101000
+155 0 -153 0 *
Ed
 1e-07 1 1 0
1  43 0 0 2.54
4 C0 11 0 24 0
0

0101000
+153 0 -161 0 *
Wi

0101100
+159 0 +157 0 +156 0 +186 0 +220 0 +154 0 +152 0 +151 0 *
Fa
0  1e-07 11 0

0111000
+150 0 *
Ed
 1e-07 1 1 0
1  44 0 0 2.54
4 C0 12 0 16 0
0

0101000
+182 0 -155 0 *
Wi

0101100
+218 0 +154 0 -148 0 -164 0 *
Fa
0  1e-07 12 0

0111000
+147 0 *
Wi

0101100
-204 0 +199 0 +195 0 -192 0 *
Fa
0  1e-07 14 0

0111000
+145 0 *
Ve
1e-07
1.27 0.87 2.96
0 0

0101101
*
Ve
1e-07
1.27 -0.87 2.96
0 0

0101101
*
Ed
 1e-07 1 1 0
1  45 0 0.4 2.14
4 C0 15 0 25 0
0

0101000
+143 0 -142 0 *
Ed
 1e-07 1 1 0
1  46 0 0.615182899632296 1.18086832458153
4 C0 15 0 23 0
0

0101000
+142 0 -158 0 *
Ed
 1e-07 1 1 0
1  47 0 -0.282842712474619 0.282842712474619
4 C0 15 0 22 0
0

0101000
+167 0 -143 0 *
Wi

0101100
+141 0 +140 0 +156 0 -187 0 -165 0 +139 0 *
Fa
0  1e-07 15 0

0111000
+138 0 *
Ve
1e-07
-1.27 0.87 2.96
0 0

0101101
*
Ve
1e-07
-1.27 -0.87 2.96
0 0

0101101
*
Ed
 1e-07 1 1 0
1  48 0 0.4 2.14
4 C0 16 0 26 0
0

0101000
+136 0 -135 0 *
Ed
 1e-07 1 1 0
1  49 0 -0.459619407771256 0.106066017177982
4 C0 16 0 17 0
0

0101000
+136 0 -181 0 *
Ed
 1e-07 1 1 0
1  50 0 -1.0040916292849 -0.438406204335659
4 C0 16 0 24 0
0

0101000
+153 0 -135 0 *
Wi

0101100
-134 0 +133 0 -180 0 +148 0 +152 0 +132 0 *
Fa
0  1e-07 16 0

0111000
+131 0 *
Ve
1e-07
-1.27 0.87 5.5
0 0

0101101
*
Ed
 1e-07 1 1 0
1  51 0 0 2.54
4 C0 17 0 26 0
0

0101000
+136 0 -129 0 *
Ed
 1e-07 1 1 0
1  52 0 -0.282842712474619 0.282842712474619
4 C0 17 0 18 0
0

0101000
+129 0 -179 0 *
Wi

0101100
-133 0 +128 0 +127 0 -178 0 *
Fa
0  1e-07 17 0

0111000
+126 0 *
Ve
1e-07
-1.27 -0.87 5.5
0 0

0101101
*
Ed
 1e-07 1 1 0
1  53 0 0.4 2.14
4 C0 18 0 26 0
0

0101000
+129 0 -124 0 *
Ed
 1e-07 1 1 0
1  54 0 -1.18086832458153 -0.615182899632296
4 C0 18 0 24 0
0

0101000
+161 0 -124 0 *
Ve
1e-07
1.27 -0.87 5.5
0 0

0101101
*
Ed
 1e-07 1 1 0
1  55 0 -0.282842712474619 0.282842712474619
4 C0 18 0 23 0
0

0101000
+121 0 -160 0 *
Ve
1e-07
1.27 0.87 5.5
0 0

0101101
*
Ed
 1e-07 1 1 0
1  56 0 0.4 2.14
4 C0 18 0 25 0
0

0101000
+119 0 -121 0 *
Ed
 1e-07 1 1 0
1  57 0 0.615182899632296 1.18086832458153
4 C0 18 0 22 0
0

0101000
+169 0 -119 0 *
Ve
1e-07
0.77 0.87 5.5
0 0

0101101
*
Ed
 1e-07 1 1 0
1  58 0 -0.2 0.2
4 C0 18 0 21 0
0

0101000
+116 0 -171 0 *
Ve
1e-07
-0.77 0.87 5.5
0 0

0101101
*
Ed
 1e-07 1 1 0
1  59 0 -1.79 -0.25
4 C0 18 0 27 0
0

0101000
+116 0 -114 0 *
Ed
 1e-07 1 1 0
1  60 0 -0.2 0.2
4 C0 18 0 19 0
0

0101000
+114 0 -177 0 *
Wi

0101100
+123 0 -122 0 +159 0 -120 0 -118 0 -117 0 -168 0 -115 0 +113 0 +112 0 
-176 0 -127 0 *
Ve
1e-07
0.32 -0.32 5.5
0 0

0101101
*
Ve
1e-07
-0.32 -0.32 5.5
0 0

0101101
*
Ed
 1e-07 1 1 0
1  61 0 -1.115 -0.475
4 C0 18 0 28 0
0

0101000
+110 0 -109 0 *
Ve
1e-07
-0.32 0.32 5.5
0 0

0101101
*
Ed
 1e-07 1 1 0
1  62 0 -0.795 -0.155
4 C0 18 0 29 0
0

0101000
+109 0 -107 0 *
Ve
1e-07
0.32 0.32 5.5
0 0

0101101
*
Ed
 1e-07 1 1 0
1  63 0 -1.115 -0.475
4 C0 18 0 30 0
0

0101000
+105 0 -107 0 *
Ed
 1e-07 1 1 0
1  64 0 -0.795 -0.155
4 C0 18 0 31 0
0

0101000
+110 0 -105 0 *
Wi

0101100
+108 0 +106 0 -104 0 -103 0 *
Fa
0  1e-07 18 0

0111000
+111 0 +102 0 *
Ve
1e-07
-0.77 0.87 5.19
0 0

0101101
*
Ed
 1e-07 1 1 0
1  65 0 0 0.31
4 C0 19 0 27 0
0

0101000
+100 0 -114 0 *
Ed
 1e-07 1 1 0
1  66 0 0 0.4
4 C0 19 0 20 0
0

0101000
+100 0 -175 0 *
Wi

0101100
-99 0 +98 0 -174 0 -112 0 *
Fa
0  1e-07 19 0

0111000
+97 0 *
Ve
1e-07
0.77 0.87 5.19
0 0

0101101
*
Ed
 1e-07 1 1 0
1  67 0 0 1.54
4 C0 20 0 27 0
0

0101000
+100 0 -95 0 *
Ed
 1e-07 1 1 0
1  68 0 0 0.4
4 C0 20 0 21 0
0

0101000
+95 0 -173 0 *
Wi

0101100
-98 0 +94 0 +93 0 -172 0 *
Fa
0  1e-07 20 0

0111000
+92 0 *
Ed
 1e-07 1 1 0
1  69 0 0 0.31
4 C0 21 0 27 0
0

0101000
+95 0 -116 0 *
Wi

0101100
-90 0 +93 0 -170 0 -115 0 *
Fa
0  1e-07 21 0

0111000
+89 0 *
Ed
 1e-07 1 1 0
1  70 0 0 2.54
4 C0 22 0 25 0
0

0101000
+119 0 -143 0 *
Wi

0101100
-117 0 +166 0 +139 0 -87 0 *
Fa
0  1e-07 22 0

0111000
-86 0 *
Ed
 1e-07 1 1 0
1  71 0 0 2.54
4 C0 24 0 26 0
0

0101000
+135 0 -124 0 *
Wi

0101100
-132 0 +151 0 +122 0 -84 0 *
Fa
0  1e-07 24 0

0111000
-83 0 *
Ed
 1e-07 1 1 0
1  72 0 0 2.54
4 C0 23 0 25 0
0

0101000
+121 0 -142 0 *
Wi

0101100
-120 0 +81 0 +140 0 -157 0 *
Fa
0  1e-07 23 0

0111000
+80 0 *
Wi

0101100
+118 0 +81 0 -141 0 -87 0 *
Fa
0  1e-07 25 0

0111000
+78 0 *
Wi

0101100
+134 0 +84 0 -123 0 -128 0 *
Fa
0  1e-07 26 0

0111000
+76 0 *
Wi

0101100
-90 0 -94 0 +99 0 -113 0 *
Fa
0  1e-07 27 0

0111000
+74 0 *
Ve
1e-07
-0.32 -0.32 6.02
0 0

0101101
*
Ed
 1e-07 1 1 0
1  73 0 5.5 6.02
4 C0 28 0 29 0
0

0101000
+109 0 -72 0 *
Ve
1e-07
0.96 -0.32 7.3
0 0

0101101
*
Ed
 1e-07 1 1 0
1  74 0 1.5707963267949 3.14159265358979
2  1 32 0 1.5707963267949 3.14159265358979
4 C0 28 0 32 0
0

0101000
+72 0 -70 0 *
Ve
1e-07
6.98 -0.32 7.3
0 0

0101101
*
Ed
 1e-07 1 1 0
1  75 0 1.28 7.3
4 C0 28 0 33 0
0

0101000
+70 0 -68 0 *
Ve
1e-07
6.98 -0.32 6.66
0 0

0101101
*
Ed
 1e-07 1 1 0
1  76 0 -0.2 0.44
4 C0 28 0 34 0
0

0101000
+68 0 -66 0 *
Ve
1e-07
0.96 -0.32 6.66
0 0

0101101
*
Ed
 1e-07 1 1 0
1  77 0 0.199999999999999 6.22
4 C0 28 0 35 0
0

0101000
+66 0 -64 0 *
Ve
1e-07
0.32 -0.32 6.02
0 0

0101101
*
Ed
 1e-07 1 1 0
1  78 0 1.5707963267949 3.14159265358979
2  2 36 0 1.5707963267949 3.14159265358979
4 C0 28 0 36 0
0

0101000
+62 0 -64 0 *
Ed
 1e-07 1 1 0
1  79 0 0.640000000000001 1.16
4 C0 28 0 31 0
0

0101000
+62 0 -110 0 *
Wi

0101100
+108 0 +71 0 +69 0 +67 0 +65 0 +63 0 -61 0 +60 0 *
Fa
0  1e-07 28 0

0111000
+59 0 *
Ve
1e-07
0.32 0.32 6.02
0 0

0101101
*
Ed
 1e-07 1 1 0
1  80 0 0.640000000000001 1.16
4 C0 31 0 30 0
0

0101000
+57 0 -105 0 *
Ed
 1e-07 1 1 0
1  81 0 0 0.64
2  3 36 0 0 0.64
4 G1 31 0 36 0
0

0101000
+57 0 -62 0 *
Wi

0101100
-56 0 +55 0 +60 0 +103 0 *
Fa
0  1e-07 31 0

0111000
+54 0 *
Ve
1e-07
-0.32 0.32 6.02
0 0

0101101
*
Ed
 1e-07 1 1 0
1  82 0 5.5 6.02
4 C0 29 0 30 0
0

0101000
+107 0 -52 0 *
Ed
 1e-07 1 1 0
1  83 0 0 0.64
2  4 32 0 0 0.64
4 G1 29 0 32 0
0

0101000
+52 0 -72 0 *
Wi

0101100
-51 0 -106 0 +71 0 -50 0 *
Fa
0  1e-07 29 0

0111000
+49 0 *
Ve
1e-07
0.96 0.32 7.3
0 0

0101101
*
Ed
 1e-07 1 1 0
1  84 0 1.5707963267949 3.14159265358979
2  5 32 0 1.5707963267949 3.14159265358979
4 C0 30 0 32 0
0

0101000
+52 0 -47 0 *
Ve
1e-07
6.98 0.32 7.3
0 0

0101101
*
Ed
 1e-07 1 1 0
1  85 0 1.28 7.3
4 C0 30 0 33 0
0

0101000
+47 0 -45 0 *
Ve
1e-07
6.98 0.32 6.66
0 0

0101101
*
Ed
 1e-07 1 1 0
1  86 0 -0.2 0.44
4 C0 30 0 37 0
0

0101000
+45 0 -43 0 *
Ve
1e-07
0.96 0.32 6.66
0 0

0101101
*
Ed
 1e-07 1 1 0
1  87 0 0.199999999999999 6.22
4 C0 30 0 35 0
0

0101000
+43 0 -41 0 *
Ed
 1e-07 1 1 0
1  88 0 1.5707963267949 3.14159265358979
2  6 36 0 1.5707963267949 3.14159265358979
4 C0 30 0 36 0
0

0101000
+57 0 -41 0 *
Wi

0101100
+104 0 +51 0 +46 0 +44 0 +42 0 +40 0 -39 0 +56 0 *
Fa
0  1e-07 30 0

0111000
+38 0 *
Ed
 1e-07 1 1 0
1  89 0 0 0.64
2  7 36 0 0 0.64
4 G1 36 0 35 0
0

0101000
+41 0 -64 0 *
Wi

0101100
+55 0 +61 0 -36 0 -39 0 *
Fa
0  1e-07 36 0

0111000
+35 0 *
Ed
 1e-07 1 1 0
1  90 0 0 0.64
4 C0 35 0 38 0
0

0101000
+43 0 -66 0 *
Wi

0101100
-40 0 +33 0 +63 0 -36 0 *
Fa
0  1e-07 35 0

0111000
+32 0 *
Ve
1e-07
7.18 -0.12 7.1
0 0

0101101
*
Ed
 1e-07 1 1 0
1  91 0 0.01154700538437 0.357957166898145
4 C0 34 0 39 0
0

0101000
+30 0 -68 0 *
Ve
1e-07
7.18 -0.12 6.86
0 0

0101101
*
Ed
 1e-07 1 1 0
1  92 0 0 0.239999999999999
4 C0 34 0 40 0
0

0101000
+30 0 -28 0 *
Ed
 1e-07 1 1 0
1  93 0 0.080829037686934 0.42723919920071
4 C0 34 0 38 0
0

0101000
+28 0 -66 0 *
Wi

0101100
-29 0 +27 0 +26 0 -65 0 *
Fa
0  1e-07 34 0

0111000
+25 0 *
Ed
 1e-07 1 1 0
1  94 0 0 0.64
2  8 32 0 0 0.64
4 G1 33 0 32 0
0

0101000
+47 0 -70 0 *
Ed
 1e-07 1 1 0
1  95 0 0 0.64
4 C0 33 0 39 0
0

0101000
+45 0 -68 0 *
Wi

0101100
-44 0 +23 0 +67 0 -22 0 *
Fa
0  1e-07 33 0

0111000
+21 0 *
Wi

0101100
+50 0 +69 0 -23 0 -46 0 *
Fa
0  1e-07 32 0

0111000
+19 0 *
Ve
1e-07
7.18 0.12 7.1
0 0

0101101
*
Ed
 1e-07 1 1 0
1  96 0 -0.173205080756888 0.173205080756887
4 C0 37 0 39 0
0

0101000
+17 0 -45 0 *
Ve
1e-07
7.18 0.12 6.86
0 0

0101101
*
Ed
 1e-07 1 1 0
1  97 0 0 0.239999999999999
4 C0 37 0 40 0
0

0101000
+17 0 -15 0 *
Ed
 1e-07 1 1 0
1  98 0 -0.103923048454133 0.242487113059642
4 C0 37 0 38 0
0

0101000
+15 0 -43 0 *
Wi

0101100
-16 0 +14 0 +13 0 -42 0 *
Fa
0  1e-07 37 0

0111000
+12 0 *
Ed
 1e-07 1 1 0
1  99 0 0.2 0.44
4 C0 38 0 40 0
0

0101000
+15 0 -28 0 *
Wi

0101100
+10 0 +26 0 -33 0 -13 0 *
Fa
0  1e-07 38 0

0111000
+9 0 *
Ed
 1e-07 1 1 0
1  100 0 0.2 0.44
4 C0 39 0 40 0
0

0101000
+17 0 -30 0 *
Wi

0101100
-7 0 +16 0 +22 0 -29 0 *
Fa
0  1e-07 39 0

0111000
+6 0 *
Wi

0101100
-10 0 -14 0 +7 0 +27 0 *
Fa
0  1e-07 40 0

0111000
+4 0 *
Sh

0101100
+239 0 +232 0 +225 0 +211 0 +206 0 +201 0 +196 0 +193 0 -190 0 +183 0 
+162 0 -149 0 +146 0 -144 0 +137 0 +130 0 +125 0 +101 0 +96 0 +91 0 
-88 0 +85 0 -82 0 -79 0 +77 0 +75 0 +73 0 -58 0 +53 0 +48 0 
+37 0 -34 0 +31 0 -24 0 +20 0 +18 0 +11 0 +8 0 +5 0 +3 0 
*
So

0100000
+2 0 *

+1 1 ]]>
      </Part>
      <ElementMap/>
    </Property>
    <Property name="TreeRank" type="App::PropertyInteger" status="2184">
      <Integer value="421"/>
    </Property>
    <Property name="ValidateShape" type="App::PropertyBool">
      <Bool value="false"/>
    </Property>
    <Property name="Visibility" type="App::PropertyBool" status="648">
      <Bool value="true"/>
    </Property>
  </Properties>
</Object>
</Document>
